255 255 255 255 255 255 255 255 255 255 255 255 255 255 255 255
255 214 153 153 153 153 153 153 153 153 153 153 153 153 214 255
255 153   0   0   0   0   0   0   0   0   0   0   0   0 153 255
255 153   0   0   0 108 145 145 145 145 117   0   0   0 153 255
255 153   0   0   0 189 255 255 255 255 205   0   0   0 153 255
255 153   0   0   0 189 255 255 255 255 205   0   0   0 153 255
255 153   0   0   0 189 255 255 255 255 205   0   0   0 153 255
255 153   0   0   0 189 255  69  37  37  89 233 147   0 153 255
255 153   0   0   0 189 255  37   0   0  65 255 161   0 153 255
255 153   0   0   0 189 255  37   0   0  65 255 161   0 153 255
255 153   0  37  65 172 205  89  65  65 114 255 161   0 153 255
255 153   0 145 255  81   0 233 255 255 255 255 161   0 153 255
255 153   0  92 161  51   0 147 161 161 161 161 102   0 153 255
255 153   0   0   0   0   0   0   0   0   0   0   0   0 153 255
255 214 153 153 153 153 153 153 153 153 153 153 153 153 214 255
255 255 255 255 255 255 255 255 255 255 255 255 255 255 255 255
255 255 255 255 255 255 255 255 255 255 255 255 255 255 255 255
255 214 153 153 153 153 153 153 153 153 153 153 153 153 214 255
255 153   0   0   0   0   0   0   0   0   0   0   0   0 153 255
255 153   0   0   0 108 145 145 145 145 117   0   0   0 153 255
255 153   0   0   0 189 255 255 255 255 205   0   0   0 153 255
255 153   0   0   0 189 255 255 255 255 205   0   0   0 153 255
255 153   0   0   0 189 255 255 255 255 205   0   0   0 153 255
255 153   0   0   0 189 255  69  37  37  89 233 147   0 153 255
255 153   0   0   0 189 255  37   0   0  65 255 161   0 153 255
255 153   0   0   0 189 255  37   0   0  65 255 161   0 153 255
255 153   0  37  65 172 205  89  65  65 114 255 161   0 153 255
255 153   0 145 255  81   0 233 255 255 255 255 161   0 153 255
255 153   0  92 161  51   0 147 161 161 161 161 102   0 153 255
255 153   0   0   0   0   0   0   0   0   0   0   0   0 153 255
255 214 153 153 153 153 153 153 153 153 153 153 153 153 214 255
255 255 255 255 255 255 255 255 255 255 255 255 255 255 255 255
255 255 255 255 255 255 255 255 255 255 255 255 255 255 255 255
255 214 153 153 153 153 153 153 153 153 153 153 153 153 214 255
255 153   0   0   0   0   0   0   0   0   0   0   0   0 153 255
255 153   0   0   0 108 145 145 145 145 117   0   0   0 153 255
255 153   0   0   0 189 255 255 255 255 205   0   0   0 153 255
255 153   0   0   0 189 255 255 255 255 205   0   0   0 153 255
255 153   0   0   0 189 255 255 255 255 205   0   0   0 153 255
255 153   0   0   0 189 255  69  37  37  89 233 147   0 153 255
255 153   0   0   0 189 255  37   0   0  65 255 161   0 153 255
255 153   0   0   0 189 255  37   0   0  65 255 161   0 153 255
255 153   0  37  65 172 205  89  65  65 114 255 161   0 153 255
255 153   0 145 255  81   0 233 255 255 255 255 161   0 153 255
255 153   0  92 161  51   0 147 161 161 161 161 102   0 153 255
255 153   0   0   0   0   0   0   0   0   0   0   0   0 153 255
255 214 153 153 153 153 153 153 153 153 153 153 153 153 214 255
255 255 255 255 255 255 255 255 255 255 255 255 255 255 255 255

255 255 255 255 255 255 255 255 255 255 255 255 255 255 255 255
255 214 153 153 153 153 153 153 153 153 153 153 153 153 214 255
255 153   0   0   0   0   0   0   0   0   0   0   0   0 153 255
255 153   0   0   0   0   0 147 161 161 161 161 102   0 153 255
255 153   0   0   0   0   0 233 255 255 255 255 161   0 153 255
255 153   0 117 205 205 205  89  65  65 114 255 161   0 153 255
255 153   0 145 255 255 255  37   0   0  65 255 161   0 153 255
255 153   0 145 255 255 255  37   0   0  65 255 161   0 153 255
255 153   0 145 255 255 255  69  37  37  89 233 147   0 153 255
255 153   0 145 255 255 255 255 255 255 205   0   0   0 153 255
255 153   0 108 189 189 189 189 189 189 172  81  51   0 153 255
255 153   0   0   0   0   0   0   0   0  65 255 161   0 153 255
255 153   0   0   0   0   0   0   0   0  37 145  92   0 153 255
255 153   0   0   0   0   0   0   0   0   0   0   0   0 153 255
255 214 153 153 153 153 153 153 153 153 153 153 153 153 214 255
255 255 255 255 255 255 255 255 255 255 255 255 255 255 255 255
255 255 255 255 255 255 255 255 255 255 255 255 255 255 255 255
255 214 153 153 153 153 153 153 153 153 153 153 153 153 214 255
255 153   0   0   0   0   0   0   0   0   0   0   0   0 153 255
255 153   0   0   0   0   0 147 161 161 161 161 102   0 153 255
255 153   0   0   0   0   0 233 255 255 255 255 161   0 153 255
255 153   0 117 205 205 205  89  65  65 114 255 161   0 153 255
255 153   0 145 255 255 255  37   0   0  65 255 161   0 153 255
255 153   0 145 255 255 255  37   0   0  65 255 161   0 153 255
255 153   0 145 255 255 255  69  37  37  89 233 147   0 153 255
255 153   0 145 255 255 255 255 255 255 205   0   0   0 153 255
255 153   0 108 189 189 189 189 189 189 172  81  51   0 153 255
255 153   0   0   0   0   0   0   0   0  65 255 161   0 153 255
255 153   0   0   0   0   0   0   0   0  37 145  92   0 153 255
255 153   0   0   0   0   0   0   0   0   0   0   0   0 153 255
255 214 153 153 153 153 153 153 153 153 153 153 153 153 214 255
255 255 255 255 255 255 255 255 255 255 255 255 255 255 255 255
255 255 255 255 255 255 255 255 255 255 255 255 255 255 255 255
255 214 153 153 153 153 153 153 153 153 153 153 153 153 214 255
255 153   0   0   0   0   0   0   0   0   0   0   0   0 153 255
255 153   0   0   0   0   0 147 161 161 161 161 102   0 153 255
255 153   0   0   0   0   0 233 255 255 255 255 161   0 153 255
255 153   0 117 205 205 205  89  65  65 114 255 161   0 153 255
255 153   0 145 255 255 255  37   0   0  65 255 161   0 153 255
255 153   0 145 255 255 255  37   0   0  65 255 161   0 153 255
255 153   0 145 255 255 255  69  37  37  89 233 147   0 153 255
255 153   0 145 255 255 255 255 255 255 205   0   0   0 153 255
255 153   0 108 189 189 189 189 189 189 172  81  51   0 153 255
255 153   0   0   0   0   0   0   0   0  65 255 161   0 153 255
255 153   0   0   0   0   0   0   0   0  37 145  92   0 153 255
255 153   0   0   0   0   0   0   0   0   0   0   0   0 153 255
255 214 153 153 153 153 153 153 153 153 153 153 153 153 214 255
255 255 255 255 255 255 255 255 255 255 255 255 255 255 255 255

255 255 255 255 255 255 255 255 255 255 255 255 255 255 255 255
255 214 153 153 153 153 153 153 153 153 153 153 153 153 214 255
255 153   0   0   0   0   0   0   0   0   0   0   0   0 153 255
255 153   0 102 161 161 161 161 147   0  51 161  92   0 153 255
255 153   0 161 255 255 255 255 233   0  81 255 145   0 153 255
255 153   0 161 255 114  65  65  89 205 172  65  37   0 153 255
255 153   0 161 255  65   0   0  37 255 189   0   0   0 153 255
255 153   0 161 255  65   0   0  37 255 189   0   0   0 153 255
255 153   0 147 233  89  37  37  69 255 189   0   0   0 153 255
255 153   0   0   0 205 255 255 255 255 189   0   0   0 153 255
255 153   0   0   0 205 255 255 255 255 189   0   0   0 153 255
255 153   0   0   0 205 255 255 255 255 189   0   0   0 153 255
255 153   0   0   0 117 145 145 145 145 108   0   0   0 153 255
255 153   0   0   0   0   0   0   0   0   0   0   0   0 153 255
255 214 153 153 153 153 153 153 153 153 153 153 153 153 214 255
255 255 255 255 255 255 255 255 255 255 255 255 255 255 255 255
255 255 255 255 255 255 255 255 255 255 255 255 255 255 255 255
255 214 153 153 153 153 153 153 153 153 153 153 153 153 214 255
255 153   0   0   0   0   0   0   0   0   0   0   0   0 153 255
255 153   0 102 161 161 161 161 147   0  51 161  92   0 153 255
255 153   0 161 255 255 255 255 233   0  81 255 145   0 153 255
255 153   0 161 255 114  65  65  89 205 172  65  37   0 153 255
255 153   0 161 255  65   0   0  37 255 189   0   0   0 153 255
255 153   0 161 255  65   0   0  37 255 189   0   0   0 153 255
255 153   0 147 233  89  37  37  69 255 189   0   0   0 153 255
255 153   0   0   0 205 255 255 255 255 189   0   0   0 153 255
255 153   0   0   0 205 255 255 255 255 189   0   0   0 153 255
255 153   0   0   0 205 255 255 255 255 189   0   0   0 153 255
255 153   0   0   0 117 145 145 145 145 108   0   0   0 153 255
255 153   0   0   0   0   0   0   0   0   0   0   0   0 153 255
255 214 153 153 153 153 153 153 153 153 153 153 153 153 214 255
255 255 255 255 255 255 255 255 255 255 255 255 255 255 255 255
255 255 255 255 255 255 255 255 255 255 255 255 255 255 255 255
255 214 153 153 153 153 153 153 153 153 153 153 153 153 214 255
255 153   0   0   0   0   0   0   0   0   0   0   0   0 153 255
255 153   0 102 161 161 161 161 147   0  51 161  92   0 153 255
255 153   0 161 255 255 255 255 233   0  81 255 145   0 153 255
255 153   0 161 255 114  65  65  89 205 172  65  37   0 153 255
255 153   0 161 255  65   0   0  37 255 189   0   0   0 153 255
255 153   0 161 255  65   0   0  37 255 189   0   0   0 153 255
255 153   0 147 233  89  37  37  69 255 189   0   0   0 153 255
255 153   0   0   0 205 255 255 255 255 189   0   0   0 153 255
255 153   0   0   0 205 255 255 255 255 189   0   0   0 153 255
255 153   0   0   0 205 255 255 255 255 189   0   0   0 153 255
255 153   0   0   0 117 145 145 145 145 108   0   0   0 153 255
255 153   0   0   0   0   0   0   0   0   0   0   0   0 153 255
255 214 153 153 153 153 153 153 153 153 153 153 153 153 214 255
255 255 255 255 255 255 255 255 255 255 255 255 255 255 255 255

255 255 255 255 255 255 255 255 255 255 255 255 255 255 255 255
255 214 153 153 153 153 153 153 153 153 153 153 153 153 214 255
255 153   0   0   0   0   0   0   0   0   0   0   0   0 153 255
255 153   0  92 145  37   0   0   0   0   0   0   0   0 153 255
255 153   0 161 255  65   0   0   0   0   0   0   0   0 153 255
255 153   0  51  81 172 189 189 189 189 189 189 108   0 153 255
255 153   0   0   0 205 255 255 255 255 255 255 145   0 153 255
255 153   0 147 233  89  37  37  69 255 255 255 145   0 153 255
255 153   0 161 255  65   0   0  37 255 255 255 145   0 153 255
255 153   0 161 255  65   0   0  37 255 255 255 145   0 153 255
255 153   0 161 255 114  65  65  89 205 205 205 117   0 153 255
255 153   0 161 255 255 255 255 233   0   0   0   0   0 153 255
255 153   0 102 161 161 161 161 147   0   0   0   0   0 153 255
255 153   0   0   0   0   0   0   0   0   0   0   0   0 153 255
255 214 153 153 153 153 153 153 153 153 153 153 153 153 214 255
255 255 255 255 255 255 255 255 255 255 255 255 255 255 255 255
255 255 255 255 255 255 255 255 255 255 255 255 255 255 255 255
255 214 153 153 153 153 153 153 153 153 153 153 153 153 214 255
255 153   0   0   0   0   0   0   0   0   0   0   0   0 153 255
255 153   0  92 145  37   0   0   0   0   0   0   0   0 153 255
255 153   0 161 255  65   0   0   0   0   0   0   0   0 153 255
255 153   0  51  81 172 189 189 189 189 189 189 108   0 153 255
255 153   0   0   0 205 255 255 255 255 255 255 145   0 153 255
255 153   0 147 233  89  37  37  69 255 255 255 145   0 153 255
255 153   0 161 255  65   0   0  37 255 255 255 145   0 153 255
255 153   0 161 255  65   0   0  37 255 255 255 145   0 153 255
255 153   0 161 255 114  65  65  89 205 205 205 117   0 153 255
255 153   0 161 255 255 255 255 233   0   0   0   0   0 153 255
255 153   0 102 161 161 161 161 147   0   0   0   0   0 153 255
255 153   0   0   0   0   0   0   0   0   0   0   0   0 153 255
255 214 153 153 153 153 153 153 153 153 153 153 153 153 214 255
255 255 255 255 255 255 255 255 255 255 255 255 255 255 255 255
255 255 255 255 255 255 255 255 255 255 255 255 255 255 255 255
255 214 153 153 153 153 153 153 153 153 153 153 153 153 214 255
255 153   0   0   0   0   0   0   0   0   0   0   0   0 153 255
255 153   0  92 145  37   0   0   0   0   0   0   0   0 153 255
255 153   0 161 255  65   0   0   0   0   0   0   0   0 153 255
255 153   0  51  81 172 189 189 189 189 189 189 108   0 153 255
255 153   0   0   0 205 255 255 255 255 255 255 145   0 153 255
255 153   0 147 233  89  37  37  69 255 255 255 145   0 153 255
255 153   0 161 255  65   0   0  37 255 255 255 145   0 153 255
255 153   0 161 255  65   0   0  37 255 255 255 145   0 153 255
255 153   0 161 255 114  65  65  89 205 205 205 117   0 153 255
255 153   0 161 255 255 255 255 233   0   0   0   0   0 153 255
255 153   0 102 161 161 161 161 147   0   0   0   0   0 153 255
255 153   0   0   0   0   0   0   0   0   0   0   0   0 153 255
255 214 153 153 153 153 153 153 153 153 153 153 153 153 214 255
255 255 255 255 255 255 255 255 255 255 255 255 255 255 255 255
